the condition numbers based on 2-norm of the matrix with size from 4 to 100:
3.1909933401711252
3.2251115945929354
3.257665332484898
3.2706197992715356
3.283128233376095
3.2885493060665127
3.293842527991359
3.296251430857084
3.298623513666849
3.2997323987282905
3.3008307132745975
3.301352178292668
3.3018706333344965
3.30211914766677
3.3023668139448294
3.302486269530268
3.3026054888871683
3.3026632385237202
3.3027209230913996
3.302748952836732
3.302776964845692
3.302790608806199
3.3028042479778663
3.3028109038864297
3.3028175585128956
3.3028208110019586
3.302824063150326
3.3028256547127715
3.302827246185272
3.3028280258839438
3.3028288055590105
3.3028291878953295
3.30282957022548
3.3028297578616947
3.30282994549631
3.3028300376448287
3.3028301297929383
3.3028301750740825
3.302830220355125
3.302830242617288
3.3028302648794234
3.3028302758292423
3.302830286779051
3.3028302921668184
3.3028302975545905
3.30283030020646
3.3028303028583252
3.3028303041639417
3.302830305469552
3.302830306112502
3.3028303067554545
3.302830307072151
3.3028303073888403
3.3028303075448533
3.3028303077008685
3.302830307777734
3.3028303078546033
3.302830307892494
3.3028303079303716
3.3028303079490398
3.30283030796771
3.302830307976904
3.3028303079861105
3.302830307990648
3.302830307995184
3.30283030799742
3.3028303079996557
3.3028303080007566
3.302830308001862
3.302830308002396
3.3028303080029384
3.302830308003209
3.3028303080034735
3.3028303080036108
3.3028303080037436
3.302830308003808
3.30283030800387
3.302830308003904
3.3028303080039363
3.302830308003956
3.3028303080039705
3.3028303080039785
3.3028303080039874
3.3028303080039896
3.302830308003994
3.3028303080039976
3.3028303080039993
3.3028303080039936
3.302830308003993
3.3028303080039993
3.302830308003998
3.302830308003998
3.3028303080039967
3.302830308004002
3.3028303080040007
3.3028303080040007
3.302830308004003
